,18 t/m 24_less than 4.999,18 t/m 24_5.000-9.999,18 t/m 24_10.000-19.999,18 t/m 24_20.000-29.999,18 t/m 24_more than 30.000,25 t/m 34_less than 4.999,25 t/m 34_5.000-9.999,25 t/m 34_10.000-19.999,25 t/m 34_20.000-29.999,25 t/m 34_more than 30.000,35 t/m 44_less than 4.999,35 t/m 44_5.000-9.999,35 t/m 44_10.000-19.999,35 t/m 44_20.000-29.999,35 t/m 44_more than 30.000,45 t/m 54_less than 4.999,45 t/m 54_5.000-9.999,45 t/m 54_10.000-19.999,45 t/m 54_20.000-29.999,45 t/m 54_more than 30.000,55 t/m 70_less than 4.999,55 t/m 70_5.000-9.999,55 t/m 70_10.000-19.999,55 t/m 70_20.000-29.999,55 t/m 70_more than 30.000
18 t/m 24_less than 4.999,0.07274041134828244,0.046462068351186055,0.04632871431853645,0.040056495770739615,0.02953339185227602,0.055869969184620366,0.038471910399406034,0.04833654086398331,0.03689685534945202,0.032759561490657965,0.045124483916971526,0.04511272256749691,0.039749594941808686,0.04121628514840027,0.03998440652335518,0.041654411864485735,0.03508856103878919,0.03535979760481664,0.03014705621373524,0.025299255108495122,0.0347487961671533,0.04155051276463378,0.038171954688129846,0.03502070140774737,0.02431554111484103
18 t/m 24_5.000-9.999,0.049154464491609456,0.0769555918109044,0.046585289429733834,0.02865974839655514,0.029532525031788683,0.04653847639279946,0.04402682553041261,0.0539349508329201,0.03863689822701408,0.03388699265136079,0.03500315963210844,0.041050859462702365,0.0421801607242915,0.039504503718819896,0.04605100366949212,0.03584918832002467,0.035215372384047955,0.03702963685607955,0.038197595668977694,0.03380002518985564,0.0292363936298539,0.03891926740320235,0.0375828433884588,0.032937201288595556,0.029531025868390914
18 t/m 24_10.000-19.999,0.04306535271647812,0.04093192114236084,0.06761662864022365,0.0370822573274067,0.029256473937753005,0.040349221050210216,0.0405258511530704,0.0465054592549014,0.041568586829349864,0.04432326588305235,0.036662695977315744,0.04169310316050649,0.04826813832399069,0.04327375748348489,0.03750835032457663,0.040347295240842886,0.034496287966839886,0.040391708400233,0.03240113196334921,0.028520395843255514,0.036180310017568586,0.042978286434335426,0.039892767125041736,0.0345065844030869,0.03165416940076583
18 t/m 24_20.000-29.999,0.042734865431229035,0.028901296858376183,0.0425596247430329,0.07760418455405237,0.02342168781087525,0.04339954931457017,0.03989629550951765,0.03912528700029169,0.0425863241505194,0.043380210997494104,0.051842413945016826,0.043115115726511076,0.04107822710957923,0.04975097040073793,0.027474181496355166,0.048048151870514456,0.04237536584017673,0.038722354987414366,0.029086618632752633,0.02280476632441416,0.04475776780046067,0.04301422266244262,0.03945861372032305,0.034396732421359266,0.020465170691983055
18 t/m 24_more than 30.000,0.03410494437988273,0.032235927394288225,0.036345298513903695,0.025352034588023903,0.08400009371127404,0.035578990173505416,0.051997409740215404,0.05168329942181444,0.036565872109284886,0.024316069350041707,0.034546739467402277,0.04564830777330857,0.04530847767494281,0.04398683815667241,0.030731368851051488,0.04127560281383328,0.0436252847856806,0.04541116551014482,0.03888028554988909,0.03147127896898702,0.03692516904344066,0.045185609036372004,0.040080682862768946,0.035564092686335536,0.029179157436936113
25 t/m 34_less than 4.999,0.04897289469993161,0.03855893894371242,0.03804825450146216,0.035657687598960146,0.027006415364343235,0.06376070288525883,0.044361199494027184,0.04837230092866591,0.03551436729354092,0.03129579104672771,0.04646324030867924,0.04953322070233047,0.04160296464506353,0.04373124847104866,0.03911142399266111,0.04506149574944893,0.039654613157229956,0.03835000564625174,0.029356171479571733,0.0275523153766515,0.03863238166129733,0.04486386391300381,0.04018417020968794,0.03677190165882986,0.027582430271614052
25 t/m 34_5.000-9.999,0.03075348173690323,0.03326622201235928,0.03485017179050189,0.029893290567255794,0.03599384403693392,0.040455397802682334,0.05814686322332383,0.048203055271218674,0.03990586503651816,0.027992250564242732,0.04208240527955798,0.04625782536072631,0.046823167767024235,0.046838595217207846,0.03527783800099454,0.04471556320564171,0.04824845632389443,0.04559176161156697,0.03593666825173839,0.03062048199582228,0.041251354058382025,0.047104201939156494,0.04233542552579584,0.03809215558866967,0.029363657831881516
25 t/m 34_10.000-19.999,0.03684236563521757,0.038857763281155026,0.03813274927189561,0.027952463558234348,0.03411286172003066,0.042062137957890794,0.04596168778368065,0.05544312405165154,0.038338325564002254,0.027418968065382233,0.035781522976020476,0.046451836067076875,0.04694670342792159,0.04381688610929427,0.04236810129416074,0.0370887067426964,0.03938120095981774,0.04519442475438591,0.039515235886054656,0.0379393776315034,0.032901785022650995,0.046196783516928595,0.04478666061253502,0.04154726037852018,0.03496106773129253
25 t/m 34_20.000-29.999,0.03219273607072549,0.03186444508447514,0.03901719422034166,0.034828061587510055,0.027627427857246218,0.03535047665239471,0.043556675673810365,0.04388637762176007,0.06346646189852166,0.042324117430638984,0.04337663875391415,0.04099307056823454,0.04412281679172839,0.044270149084397185,0.03045179805435042,0.047400480979081096,0.04496374182973962,0.046694380862260645,0.0348792938839044,0.028682351098257636,0.04590497014398904,0.04588843505084731,0.04237757377980592,0.038249309582280566,0.027631015439784617
25 t/m 34_more than 30.000,0.035303461401915405,0.03451817353433821,0.051384626216284646,0.0438189010872695,0.022691780003253177,0.03847581245194202,0.03773692313628938,0.03876665898357008,0.052275546801630476,0.07838897065596713,0.04424527309745147,0.03909249584077087,0.043236055953032544,0.04084209988806325,0.028977938883624,0.048500068096340734,0.03985332812139139,0.040766889741612834,0.028305992453551386,0.02405486555195626,0.044883661173881366,0.04330317748438138,0.03981049307501375,0.03452439701272616,0.02624240935374258
35 t/m 44_less than 4.999,0.03938708235565337,0.0288791483743088,0.034426129668598655,0.04241479687068056,0.026112268939444155,0.04626725284662463,0.04595064152709602,0.04097589459325696,0.043393923927233964,0.03583680092939905,0.06349175267312812,0.04590091516016656,0.042489307478636065,0.04493261762360115,0.02722767749930908,0.0531895305283347,0.04964746329912199,0.04350601701999455,0.02739098954501433,0.023057638421897248,0.05159071971343431,0.04599508419815782,0.04117302413979736,0.03664052472414644,0.02012279794296428
35 t/m 44_5.000-9.999,0.03634315517694073,0.0312594559535305,0.0361335016564549,0.03255695353675408,0.03184522012979746,0.04552425156782473,0.0466184966407611,0.04909695236371005,0.03784996702268708,0.02922387357204871,0.0423646255404886,0.05860023307859095,0.04411501532596099,0.044340528535340436,0.03587137378202141,0.042665688100777206,0.043488880109694594,0.045087474466523315,0.033016577564196466,0.030384485540996133,0.03945301695122956,0.047702374844183375,0.045295412820259826,0.04007300782756341,0.031089477891664483
35 t/m 44_10.000-19.999,0.030516117829216077,0.03060838224017382,0.03986386137361286,0.029559622277698348,0.03012118325345892,0.03643707546607494,0.04496833721468708,0.047285690644866284,0.03882319471932562,0.030800902138672332,0.037370995358563454,0.04203968172409802,0.05584346122015677,0.04524970568579838,0.03855068745217423,0.04009631984454933,0.042060357421210684,0.048636480267644826,0.039743665833268146,0.0373893641392662,0.03862833264898064,0.04880667112075305,0.04749131755737742,0.04365892370488421,0.035449668863488396
35 t/m 44_20.000-29.999,0.03277448480172611,0.02969266702703134,0.037018078668107156,0.037081662477616864,0.030289057174749258,0.03967176843694069,0.04659296520874714,0.045712670956452435,0.040346835407752565,0.030136712965705463,0.040934282674455494,0.04376675041567363,0.04686905646474476,0.05784193062576674,0.03832508262539037,0.04271267023067349,0.042458438925401375,0.044204258932781626,0.037304090814926784,0.032849463368801485,0.04089223465413205,0.04752557164735014,0.044473674652708906,0.04001701525191018,0.030508575590453935
35 t/m 44_more than 30.000,0.038024665710207746,0.04139514618765728,0.03837292930986963,0.024490075620842572,0.025307697673881982,0.042432736003293954,0.041968763426514774,0.05286178345841429,0.03319090971653486,0.025571902125156896,0.02966496123515513,0.04234471059477654,0.047754060103036546,0.04583432317892793,0.06917521268011925,0.0320302473726321,0.033481720309299516,0.041193778074446616,0.044176634302655685,0.04515314756376071,0.02656425261585784,0.0430439623513976,0.0454188078539088,0.04537829239029403,0.045169280141357675
45 t/m 54_less than 4.999,0.034446324057292255,0.02802184802629457,0.03589372589097257,0.03724338757017528,0.029557743963841202,0.04251186286670335,0.04625833986187626,0.040239411941533354,0.044925827905871206,0.03721731304581222,0.050392565618650444,0.0437962614341644,0.043190657359973995,0.04441928577538233,0.02785270750560455,0.06015304668123204,0.050242043776575124,0.04412946307660484,0.028707011315635536,0.024991711634457014,0.05426399868417726,0.04815166429128106,0.04248787199500281,0.03766218727956356,0.02324373844132266
45 t/m 54_5.000-9.999,0.028682228913171345,0.027209163770531886,0.030334856394600276,0.032467691642356494,0.03088030607933287,0.03697972808313858,0.04933785035930004,0.04223420800593136,0.04212512952705066,0.030229622582107665,0.04649463465360929,0.044126753094201235,0.044784086752771804,0.043645988506468926,0.02877930838922371,0.04966297829410646,0.05945975177560823,0.04980162979999654,0.03699513525510492,0.030663927714790082,0.04808855481289013,0.04990759422020782,0.04811216001678357,0.04328382789646288,0.025712883460253216
45 t/m 54_10.000-19.999,0.0273248816603867,0.02704789940568996,0.03357863063396436,0.02804793512097129,0.030388352107254327,0.033809333405211,0.044074191440972486,0.04582067065165867,0.04135657883034781,0.02923323575736411,0.03851733949687862,0.04324947479405843,0.04895691937224033,0.04295815353648804,0.03347382904796901,0.04123778087721294,0.04708089777773295,0.056211383171178485,0.04201626743168634,0.03903954921206881,0.040786557186969115,0.051545639870363154,0.050420513316036634,0.04809075522710485,0.03573323066819169
45 t/m 54_20.000-29.999,0.027931420657747525,0.03345181700348268,0.032294646663938664,0.025259919625414747,0.031194177765123725,0.031029172039113533,0.04165195461888533,0.04803311508038887,0.03703797750141879,0.024335893285607743,0.02907463516021677,0.037971397143203606,0.04796444920661437,0.043464786118420765,0.0430393783081511,0.03216282732943912,0.04193198241828504,0.050375232567665296,0.0673944087204372,0.05085558896339188,0.030536147410281166,0.04910170776054548,0.051371234138149514,0.04930848900949736,0.043227641504579715
45 t/m 54_more than 30.000,0.025671296686038722,0.032418481308252874,0.03113277694532064,0.021689838130643832,0.02765352166330364,0.031894869475292735,0.03886883783221986,0.05050778616325758,0.0333569461465088,0.022649770010542313,0.02680484701870801,0.03827087293179735,0.049418729423414014,0.04191807431831573,0.04817850848903652,0.03066579278007784,0.03806453378258421,0.05126209446114098,0.05569685144738482,0.07381010518998365,0.02683231318880498,0.046461773226462236,0.051589246172889694,0.05439198213602031,0.05079015107199862
55 t/m 70_less than 4.999,0.030685827098875913,0.02440379908740193,0.03437103369518377,0.03704734603608724,0.02823686935110119,0.03891994427057697,0.04557070423491324,0.03811935905271708,0.0464610739076026,0.03677961140113325,0.05219490283750716,0.0432468717590357,0.04443318625262896,0.045412131502981755,0.02466726055947251,0.05794660381876599,0.05195082593318067,0.046608658021222264,0.029104771822320376,0.02335157150826263,0.06423530976432572,0.05092490088155863,0.04414079287191642,0.038563641658952916,0.02262300267227515
55 t/m 70_5.000-9.999,0.031054132649392385,0.027494336467491803,0.03455527484981843,0.030133231484290587,0.029244159137236422,0.03825272227485037,0.04404048850568024,0.04529839493528282,0.03930770858848103,0.03003195276013367,0.03938336959905253,0.04425470255788977,0.0475144413976926,0.044668702527205374,0.033828326108752714,0.043518352184351704,0.04563124437840908,0.049852441440946485,0.03960878298605015,0.034221475069159464,0.04309978843944783,0.05436492193914902,0.05039446316037915,0.04579372305779845,0.03445286350105801
55 t/m 70_10.000-19.999,0.029691509705167828,0.027632048680873756,0.03338137965985489,0.02876870527150791,0.026997215611396695,0.035658702959859456,0.04119469307863639,0.045705095609070025,0.037779432857102474,0.02873467096147929,0.036690960808647866,0.04373393068045118,0.04811777350715198,0.04350346685640997,0.03714914828383537,0.03996418721147417,0.045782067024310535,0.05075123609111761,0.04312804434579075,0.03954640331393875,0.03888032983657594,0.05244784976184021,0.05658008994171427,0.051382420261034026,0.03679863768075864
55 t/m 70_20.000-29.999,0.029371398604912172,0.026110912617444415,0.031133217092442673,0.027040056080042157,0.02582899467210287,0.03518345897684514,0.0399654583435363,0.04571621201064658,0.03676671698224332,0.026868701609855484,0.03520626134483278,0.04171844743671301,0.047695371582013465,0.042206316602396245,0.04001964076587322,0.03819648944652914,0.044409727623536226,0.05219307269667172,0.04463477673950791,0.044956718251317,0.036625178983124264,0.05138811938776792,0.05540213016272056,0.06100641993204171,0.040356202054883814
55 t/m 70_more than 30.000,0.02595304193217932,0.02979328794668832,0.03634607274504227,0.020474358991644806,0.026969510190924462,0.03358609525077627,0.03920703006314589,0.0489572569645885,0.03380124055063527,0.025991349337637287,0.024606572996238658,0.041190225317729555,0.04928558737816827,0.04095050233071916,0.05069588962763977,0.030000495886113605,0.03357436225241723,0.0493546519135444,0.0497986713846763,0.0534249055074757,0.027343651256509876,0.04920243962290774,0.05049497829417699,0.05135879555653458,0.07763902670188588
