,18 t/m 24_Less than 10 km,18 t/m 24_10-19 km,18 t/m 24_20-29 km,18 t/m 24_30-49 km,18 t/m 24_more than 50,25 t/m 34_Less than 10 km,25 t/m 34_10-19 km,25 t/m 34_20-29 km,25 t/m 34_30-49 km,25 t/m 34_more than 50,35 t/m 44_Less than 10 km,35 t/m 44_10-19 km,35 t/m 44_20-29 km,35 t/m 44_30-49 km,35 t/m 44_more than 50,45 t/m 54_Less than 10 km,45 t/m 54_10-19 km,45 t/m 54_20-29 km,45 t/m 54_30-49 km,45 t/m 54_more than 50,55 t/m 70_Less than 10 km,55 t/m 70_10-19 km,55 t/m 70_20-29 km,55 t/m 70_30-49 km,55 t/m 70_more than 50
18 t/m 24_Less than 10 km,0.06561522954774336,0.0459498771800637,0.04291160412388127,0.040315574304761875,0.022666106316297563,0.05519138001312893,0.03676084011666646,0.05184970011885001,0.04034905829859026,0.043276651212001346,0.050790633847952106,0.038946842918296275,0.0357401774704233,0.04409761173912506,0.029807007818984665,0.04370391354728143,0.04398611798646008,0.03949746287069431,0.034525696424011015,0.028162407285976118,0.038014059644459086,0.041547096452298475,0.03253539422548145,0.03050282507306667,0.023256731463505133
18 t/m 24_10-19 km,0.05792947346262739,0.0827217814736482,0.045450350565171625,0.04581314303434667,0.017361585042236633,0.0488003372810807,0.03271915972326537,0.053014446349487654,0.04007474689760085,0.04377827024129121,0.039605107263400816,0.044261687869152876,0.036165199362461826,0.04123589358083093,0.036504516129916356,0.03817110386592937,0.037989945558021064,0.03595731775128052,0.033297707687711696,0.031211032603969707,0.03466264550493351,0.0368811590640479,0.03231066006549018,0.03161755081619342,0.022465178805903513
18 t/m 24_20-29 km,0.050748937362965506,0.04263578018152004,0.0775991306398603,0.046177106089473174,0.026320980392433975,0.047092256481950805,0.04139957019399998,0.051747660315461914,0.053386357191608495,0.04697665588644677,0.043867266889635353,0.036088020079000444,0.03969989398767835,0.04342155338569213,0.03337453327039591,0.03478567219036592,0.03526286880858772,0.03367187705629584,0.038042429441836605,0.028282455922420305,0.03301510048336811,0.03694980310764822,0.02793903891408895,0.027023995875999705,0.02449105585126545
18 t/m 24_30-49 km,0.049662002442393306,0.044763726926112656,0.048097874533003196,0.08082691977609606,0.034249204954677946,0.04150485217160779,0.04184802561003738,0.05061334455893789,0.05886238473277356,0.04956110975214527,0.04591378096769729,0.026270135077897404,0.04020661776113589,0.044020715783777836,0.03530648824194325,0.03244709632324046,0.03378605670796867,0.029540440168172317,0.034388537636474856,0.027109810439448878,0.032843884079090495,0.0395670451183167,0.02472702318121124,0.026491150663347705,0.027391772392492
18 t/m 24_more than 50,0.05268520329896397,0.03201001550344238,0.0517322773267831,0.06462653284002806,0.15251634577154533,0.04915424347535767,0.03796564528569619,0.04063983233174738,0.0779191656054664,0.04331430038535945,0.054691515794536794,0.016350337237672114,0.030063690647779393,0.03864374732006668,0.018874566516152026,0.026451389200091498,0.029664709339708443,0.026878670303656458,0.029810940415710786,0.01689602241663842,0.024254417399631054,0.032310106571111635,0.016172344719809856,0.016685842483997487,0.019688137809047292
25 t/m 34_Less than 10 km,0.0535113260566877,0.03753030184738574,0.03860750686385557,0.03266795548817716,0.020503298645684356,0.06361786825729797,0.03866550480618443,0.04251623867769783,0.035233869268882397,0.04378815198081479,0.05171694053813274,0.042281583449869146,0.03566132075549788,0.04305189963222657,0.02880514004400076,0.04814338356894467,0.047778530378687074,0.04395263878884886,0.03735747449893944,0.030407460859359667,0.04349358947432961,0.043998163673629916,0.034575403916369526,0.03555305974592645,0.026581388782569767
25 t/m 34_10-19 km,0.03941960744734012,0.027830036936122498,0.037537945217424144,0.03642926959765441,0.017514829508474234,0.042763780504717845,0.0703609216527804,0.04265247727388264,0.0383904011903763,0.04373567141009841,0.04832681686570866,0.030373310456774324,0.049773107930501125,0.045026750539408134,0.03193126605272637,0.043278519989341784,0.04302852978607751,0.038123381160424415,0.04304445256687909,0.034405065569873765,0.04490425210554018,0.04623558228076149,0.03250284866638174,0.037932391705001844,0.03447878358572858
25 t/m 34_20-29 km,0.051277894439116845,0.04158751199321977,0.043273542615115276,0.040634750323057245,0.01729115898038348,0.043367492450167154,0.03933700836993022,0.06489161570144543,0.04344150935410652,0.04124420214025015,0.04508721026338934,0.037490286259021705,0.041232204353228497,0.045420435611176015,0.03435373786524454,0.04137984499421543,0.0416427314577647,0.035744933013507806,0.038834724987130684,0.03202119476285962,0.03863105348164199,0.04278067129413232,0.035321282587003254,0.03516223339493728,0.028550769307954714
25 t/m 34_30-49 km,0.04808737779713043,0.03788377550451018,0.05379919495699426,0.05694874650357781,0.03995123848784041,0.04330954000758823,0.04266713440898543,0.05235023837429585,0.07819920626544118,0.045423948061969054,0.0471128918030094,0.02825015261360026,0.041849086074805385,0.04791195548064296,0.03139476010701699,0.031739915733503876,0.03470404783910586,0.02971898809647886,0.03836704310578343,0.026836321473247896,0.031201234213868508,0.03579216747642818,0.024334312849498507,0.025854732583558148,0.02631199018111902
25 t/m 34_more than 50,0.04096666521179747,0.032871561665014024,0.037601646283322056,0.03808610949841985,0.017639916734117484,0.04275226439501344,0.038608763801640765,0.03947807221106298,0.03607980250706861,0.062112873024985936,0.04143801066600492,0.03791178936223273,0.0406327557511476,0.0498056127037035,0.042995584472744305,0.039216124854609916,0.0408468239639814,0.04070375232558305,0.041709518488176826,0.041239295717231596,0.042564537309924065,0.0444371412909682,0.0369514997045671,0.03813050009085862,0.035219377965823605
35 t/m 44_Less than 10 km,0.04739442569400512,0.029314304853812347,0.0346124232683235,0.03478045941430679,0.02195593082421718,0.04977393742313641,0.042053771991757125,0.042541525748298274,0.03688805035827303,0.04084750783422171,0.061227747826600516,0.03439173584395278,0.038816952171647885,0.04602281631971736,0.02892663803777361,0.049538506850825816,0.046990811527448405,0.044547302040928244,0.042186303651413834,0.030488924528358802,0.04624913640091819,0.046292891679653975,0.03475075539752968,0.0372390666583116,0.03216807365456792
35 t/m 44_10-19 km,0.04065570717939334,0.03664898960133495,0.0318537166992264,0.022261795580878676,0.007342842903532862,0.04552249366587073,0.029567494378108832,0.039571642985465234,0.024744140140618,0.041806766429681924,0.038473325322530394,0.06849421825019204,0.03750940012424669,0.04389749311628068,0.03746384784296249,0.05159222541220054,0.04697834169202571,0.047057632782212144,0.04177187079801057,0.04466702229177051,0.04951838228536143,0.04178385698295448,0.05178169387368993,0.046562329491539156,0.032472770169912325
35 t/m 44_20-29 km,0.03579837970657198,0.02873308799095784,0.033623568937664224,0.03269285366400609,0.012954994135839214,0.03684084893979338,0.04649160702034758,0.04175988404591418,0.035171828847883585,0.04299381443084305,0.041666254827530856,0.03599129915711044,0.0657220827688346,0.043771761760027166,0.03552103030871373,0.04425615342276626,0.04429837961579659,0.04301790956637158,0.04711489807268517,0.041896092567077846,0.046577504389980165,0.044271270598970555,0.04112547844963594,0.04100716086634786,0.03670185590833017
35 t/m 44_30-49 km,0.03930316061417951,0.029152284304201484,0.032723937878984394,0.03185063759603028,0.014817669429201603,0.03957585133533835,0.037424511985689045,0.04093358354502492,0.03583097375590065,0.046893616608353256,0.043958409030103035,0.03748028334227221,0.03894930996735879,0.058481305538892255,0.041970295125715686,0.04123382323206246,0.04596425308595067,0.04071672603129644,0.047412057205964475,0.042932440377671785,0.04534140046205503,0.04692617939227671,0.03996665366601998,0.04097430284683259,0.03918633364262435
35 t/m 44_more than 50,0.03239205966634337,0.031466725547964376,0.03066783937348447,0.031147509626679386,0.008824404952394262,0.03228610934669502,0.03236007008069092,0.03774941663835001,0.028627251845759486,0.04935908198680503,0.0336879443615332,0.0390016788937259,0.03853887838064786,0.051174051110505867,0.07130579638985442,0.03796163110972374,0.042136359803134626,0.03653699491129521,0.04351616755491893,0.05552735305620452,0.0465169665092235,0.04876801403065487,0.04231709384640098,0.0485357675922673,0.04959483338474288
45 t/m 54_Less than 10 km,0.04051333779268777,0.02806707724774883,0.0272662801989654,0.0244175540985865,0.01054907654576088,0.04602988039817936,0.03741305998014162,0.03878668124820622,0.02468799232301926,0.03840302259506823,0.049212675509052874,0.04581552814551662,0.04095856147496831,0.0428863311508336,0.03238190386203355,0.060825032434145276,0.05151318574986941,0.05041851878547441,0.042950734872364026,0.038035206358159414,0.05345351288507723,0.048699418369390186,0.0439820385178225,0.04673520191604737,0.035998187540881174
45 t/m 54_10-19 km,0.04023590806769371,0.02756459509340579,0.02727492785299186,0.025089054961277477,0.011674183919014642,0.045077155144899496,0.036705218395149314,0.03851708798215224,0.026636711889680934,0.03947112462217481,0.0460646191985171,0.04116675113243098,0.04045566527740189,0.04717435521332463,0.035467861503743196,0.05083219747258835,0.06002094444288766,0.048890322298527314,0.0434868430738428,0.039240939921985324,0.05134660389308226,0.050702479631048264,0.04465107237810004,0.04457893018285606,0.03767444645122389
45 t/m 54_20-29 km,0.038880297602049196,0.028075819567589616,0.028026928444638742,0.02360619373783786,0.011382991787024935,0.04462424435168788,0.03499652517109282,0.03557877028834221,0.024546903007865006,0.042327036487842154,0.04699353932866835,0.044375289214053,0.042276888613552686,0.04496978632448482,0.03309581067129891,0.05353930964737094,0.05261203603313002,0.06458996266152292,0.04409874389523919,0.04021506086741008,0.05008307468868241,0.046551795365309484,0.04311808173223816,0.044776631022846826,0.03665827948822179
45 t/m 54_30-49 km,0.032747784619497,0.02505177993626059,0.03051093511486741,0.026479014025267533,0.012164756372874182,0.036546225242959536,0.03807411344627355,0.03724566877331422,0.03053515405461328,0.04179243624054661,0.04288123846112192,0.0379554498518015,0.04461604486726982,0.05045635467425056,0.037981309661721065,0.04394731837811607,0.04509196764138943,0.04249181833532158,0.0622363522693201,0.046013360888097425,0.0488110981781139,0.048548001162005465,0.04516628849276164,0.047264586495329663,0.045390942816905845
45 t/m 54_more than 50,0.02894249542060821,0.025442460528167524,0.02457712701535073,0.022617328349308814,0.007470315370677019,0.03223086007305457,0.03297324739116232,0.03327513264041837,0.02314149923308939,0.04477137913955737,0.033578761295241365,0.04397480667577584,0.042986595742589014,0.049503894555871356,0.05251132629447995,0.042167152871588835,0.04408668327011604,0.04198503771452558,0.04985522451975422,0.06743274683245518,0.05176726758564836,0.04851127813794724,0.05208601041393548,0.052945647230442906,0.05116572169823421
55 t/m 70_Less than 10 km,0.034038808777350625,0.024619349900957616,0.02499715144772467,0.02387444232367954,0.009343491821086692,0.040168063259621495,0.03749649740833796,0.03497701295776552,0.023442513913710713,0.04026252918961121,0.04438028600118656,0.04247635959932042,0.04163893866428045,0.04555254277576544,0.038328454221345655,0.05163315419617258,0.0502624499013821,0.045557585977029455,0.046079653237843445,0.045104424448778165,0.05875363674248224,0.05203242082591514,0.04900410810729559,0.05231970667708943,0.04365641762426739
55 t/m 70_10-19 km,0.037035769705898405,0.026077744843860513,0.02785098901305232,0.02863274191948609,0.012391028289287415,0.04045207350686467,0.03843528989137772,0.03856065094869496,0.026771395076460848,0.04184560426436837,0.04422332312355418,0.03568124194233958,0.039399981485402025,0.04693355880537153,0.04000327841012674,0.04683028214833223,0.049409643866075915,0.04215574325521437,0.04562601853340729,0.042078206023955005,0.05179938785694409,0.0584905020623997,0.044143888822548376,0.04808660071847942,0.04708505548649831
55 t/m 70_20-29 km,0.03295831494570399,0.025962082766945848,0.02393140438518297,0.02033430746241835,0.0070480694900287135,0.03612449033278587,0.030704602880124193,0.03617940800813915,0.020683799577234242,0.03954249149813306,0.037725025614326606,0.050249982893156034,0.04159232750381808,0.04542493415594502,0.03944614606086928,0.048062525103998735,0.049447307394934796,0.04437189499229489,0.0482373956944692,0.05134094063837015,0.05543847996422935,0.05016476923391679,0.06646814806305569,0.05268528067286824,0.04587587066705074
55 t/m 70_30-49 km,0.0298952867564389,0.02457964795827965,0.022395461795298523,0.0210771606565179,0.00703556630266179,0.03593893324998191,0.03466937550788264,0.034846180076882505,0.02126204422585293,0.03947827746883198,0.03911270158933111,0.04371677318004746,0.04012506008897689,0.04505695369210842,0.04377280520607258,0.04941161923124579,0.04776327845525462,0.04458139898407561,0.04883813199267113,0.05049248240311772,0.05726613313284539,0.05286960189296939,0.05097333294167347,0.06430834187392656,0.050533451337055016
55 t/m 70_more than 50,0.02552937411970209,0.019560778840903452,0.02273247880709363,0.02440957667175215,0.00929788973126258,0.030095024212062917,0.03529527400950016,0.031690228403091526,0.024235249518796496,0.040840984764481524,0.037841898073317,0.034147708659097144,0.04022285096305293,0.04826293339433181,0.050096541288124706,0.042627948062528474,0.04521059233531858,0.04087927514872868,0.05253167094669398,0.05465179057786958,0.05351918403683025,0.057982091812663956,0.04971264641010713,0.05659887394206482,0.07202713527062442
