,18 t/m 24_Less than 10 km,18 t/m 24_10-19 km,18 t/m 24_20-29 km,18 t/m 24_30-49 km,18 t/m 24_more than 50,25 t/m 34_Less than 10 km,25 t/m 34_10-19 km,25 t/m 34_20-29 km,25 t/m 34_30-49 km,25 t/m 34_more than 50,35 t/m 44_Less than 10 km,35 t/m 44_10-19 km,35 t/m 44_20-29 km,35 t/m 44_30-49 km,35 t/m 44_more than 50,45 t/m 54_Less than 10 km,45 t/m 54_10-19 km,45 t/m 54_20-29 km,45 t/m 54_30-49 km,45 t/m 54_more than 50,55 t/m 70_Less than 10 km,55 t/m 70_10-19 km,55 t/m 70_20-29 km,55 t/m 70_30-49 km,55 t/m 70_more than 50
18 t/m 24_Less than 10 km,0.06934011794630394,0.04184764568977221,0.04235264251340525,0.04275409595712272,0.029782132363659047,0.045853441526794346,0.051170029207934856,0.045911897879134446,0.04602361352894125,0.039770911554697065,0.03910072035941325,0.04105864483618379,0.04840642508753926,0.04884164859804754,0.039360642122779836,0.03698984829379614,0.036370826382981815,0.03241643069129319,0.034890646460495126,0.040192607174283954,0.03105768076966307,0.030546624204145407,0.0339858703734637,0.03409216189064568,0.01788269458750319
18 t/m 24_10-19 km,0.041367390426966494,0.06854435139795018,0.03996043030801254,0.04303581106758477,0.03830050256464544,0.04538158071430872,0.05339083987991344,0.04150832228304624,0.04167041887169165,0.033834141895810126,0.037149759945007764,0.04305744123515217,0.04597412440152698,0.04754641905268037,0.035962518350351885,0.04288583013226114,0.039397115578245365,0.0330503025699445,0.0346698803318654,0.040835324815188805,0.034277445987823583,0.03246839512936961,0.03567922865963196,0.034438206114636424,0.015614218286384453
18 t/m 24_20-29 km,0.04912098755439563,0.04688453769523017,0.08042131183627216,0.05653849721163364,0.03994580077574383,0.03716343999918355,0.05013531330776197,0.038669934726675695,0.06050565931948249,0.031619963268887594,0.03507775753440686,0.03706065380624118,0.046538313068637094,0.0596246401904486,0.04434336344190779,0.03177751183603364,0.03492820917813562,0.026182529240336812,0.028585730874435156,0.04034533288617905,0.02683598286397076,0.02843250731007004,0.02914673008780888,0.028167422222560336,0.011947869763561606
18 t/m 24_30-49 km,0.04280631837098369,0.043588612670992656,0.04880764277424199,0.06942481411998032,0.04650845554378995,0.03735852871747515,0.044875852000069244,0.043687161789090774,0.058042039457305274,0.0425297707485499,0.026711075791521485,0.03865454011579273,0.04978596162036835,0.05529670264470585,0.044287497911681926,0.029028784455461257,0.035112462819806296,0.030482685397422472,0.03677775047680807,0.04305260522014245,0.026405779281981467,0.028133065117196057,0.030534386009988687,0.030717616896655198,0.01738989004798878
18 t/m 24_more than 50,0.034727774731098955,0.04517920074631746,0.04016111122785422,0.054165522181531894,0.08085478791321925,0.039395868029654786,0.04246169628385312,0.04309927237563092,0.05153564039310706,0.03868138728311626,0.026590979447640953,0.04205410561693339,0.0440081963364303,0.051719399354102975,0.04365366966793144,0.03216488658469088,0.0370737856321186,0.02999805410585654,0.037784285476055654,0.04382148203842365,0.029154965799542628,0.029452685831535902,0.03184850136292778,0.031314574756456465,0.019098166823969056
25 t/m 34_Less than 10 km,0.04031416148524894,0.040362514842183776,0.02817182774006675,0.03280539781008234,0.02970401815649343,0.06096355299001989,0.04591891278054242,0.04267004819739896,0.03266462921664147,0.03616554376163932,0.044451131512188984,0.04771036714272322,0.04709942404433112,0.03856100082129932,0.03610471809576785,0.048128272487621034,0.045299361309903224,0.04282554246510107,0.03877247792286452,0.03858040116165682,0.041060770621153174,0.04005248016127598,0.040327026511411734,0.04009090953155654,0.021195509230828018
25 t/m 34_10-19 km,0.042503777255361114,0.04486333138753478,0.03590616467748717,0.03723011858703763,0.03024739901674217,0.0433828185991762,0.057596545745046204,0.04257828465217203,0.04016818115496099,0.03637393295360946,0.040337103407772835,0.04503803521709354,0.047178935899020474,0.04381012215339557,0.03751700921940905,0.0407161776139376,0.041692473191361185,0.037875106312851715,0.03964882533919924,0.04518342270788025,0.03571800997017746,0.035344207442046534,0.038866642351310564,0.03912607019057342,0.02109730495484262
25 t/m 34_20-29 km,0.04186191122546852,0.03828616718724053,0.030400495944923042,0.039784828289080525,0.03370098377276065,0.04425183109816154,0.046737997995551415,0.06322347792010762,0.043008588917118014,0.04381526301299084,0.03571776137257577,0.042190910268361255,0.05080369722290077,0.04360001984020428,0.03964938681396871,0.03673845843607239,0.040243389070042636,0.039007521830581066,0.042063010934837684,0.04573030959351047,0.03205362180306063,0.03329145064416578,0.03396093447945561,0.03673687514104425,0.023141107185816037
25 t/m 34_30-49 km,0.044461881705629716,0.040723762454397114,0.05039837636433991,0.05600407637725373,0.04269663369271793,0.035892124335402245,0.046717267147618306,0.045568896516039764,0.06698718082282447,0.04111506564344845,0.028339355568105417,0.03642895987525323,0.04770430049113388,0.055655276667592686,0.04956262209124384,0.028771074168829035,0.03516901512974422,0.02983930818319891,0.035057865451376305,0.04680207503830983,0.027336191336231313,0.02884486045036851,0.030310981171321978,0.031688467536308836,0.017924381781310464
25 t/m 34_more than 50,0.03693399662198816,0.03178548416257025,0.025318358441101134,0.039447878516138256,0.030806448587716022,0.03820058953372281,0.04066672133788362,0.044626453689107386,0.039523429624314835,0.06439399002647672,0.028204697925655255,0.03966449647296472,0.04603430115065094,0.03845676654045822,0.04551832174815672,0.03326202053197108,0.0396633773836464,0.043107174274656636,0.05126635992006778,0.04877317213308321,0.035576874689707515,0.03709713267228133,0.041382452634866285,0.04409078716963561,0.0361987142111792
35 t/m 44_Less than 10 km,0.038281564545924344,0.03679373167360941,0.029610801646062536,0.026119577659399068,0.022326368492684257,0.04949964073160361,0.04754422435952837,0.03835264716957185,0.02872022023145461,0.029734840489791425,0.06788745006188615,0.05074223297497339,0.04439560493869174,0.033819745294403174,0.03158295316124872,0.05480639821749213,0.048887120499512444,0.04575914995233192,0.03462356651058715,0.040017238987908856,0.047767708656653564,0.04811313781567445,0.04293371870858229,0.04248302621406621,0.01919733100635826
35 t/m 44_10-19 km,0.03378659387016543,0.035842716947924944,0.026294583734040148,0.03176948402530684,0.02967748096790994,0.044654668011214704,0.04461772006686043,0.038077189822838274,0.031029833622767733,0.035146411198101885,0.04264856814005874,0.0570590289403933,0.043661474596280156,0.036799993541775614,0.03447584717451493,0.04388187859233586,0.04792773530887567,0.046520831595517564,0.043072778656716125,0.04370826883147275,0.0439599603609591,0.04586209981637856,0.046243071143465,0.04592761404273372,0.027354166991392596
35 t/m 44_20-29 km,0.04033320729198308,0.038751285998634234,0.03343365124810943,0.04143205728996681,0.03144648812235526,0.044636450341412774,0.04732558895754419,0.046425999306397014,0.04114434523416082,0.041302899698931736,0.0377828579896311,0.04420977931955348,0.05777558135559901,0.04329441546435978,0.037652757055074565,0.03820681128102216,0.04241543577734318,0.04030045522120404,0.04106166740348552,0.04366419430656289,0.03513286251805135,0.035618596816642895,0.03735169705335895,0.03818442086885781,0.021116494079757665
35 t/m 44_30-49 km,0.04437331889019223,0.04369807610388017,0.04670579754494254,0.050176536885040986,0.04029618247694296,0.03984686894288384,0.04791750537230963,0.04344346716882998,0.0523396506457525,0.03762214942966445,0.031383184527643646,0.040629318748734766,0.04720670962052595,0.06299646416189734,0.0428772998409777,0.03353287881943403,0.0387472060721331,0.030610104667865994,0.03609758853008649,0.04411873072021912,0.029889409951647836,0.030828795888639404,0.03283684996442187,0.033661340887119584,0.018164564138213896
35 t/m 44_more than 50,0.03650446652055632,0.033740136283878605,0.03545895115628796,0.041023699893918436,0.03472029629797639,0.03808571345806674,0.04188901797538866,0.040329840071001495,0.04758071686646911,0.045457894100698656,0.029917937262667893,0.03885607938776436,0.041910309225163735,0.043770313905161215,0.06430850406877234,0.033245995284100986,0.039632485958011034,0.03717879815907921,0.04345770754533467,0.05039223025909047,0.035724234222851134,0.03800960280601604,0.03902667942004274,0.04161909838486842,0.0281592914868333
45 t/m 54_Less than 10 km,0.03366181720451268,0.03948041716732295,0.02493379125661964,0.02638479402815183,0.0251024358157695,0.04981608418313181,0.04460773224374363,0.036667569992254435,0.02710216338091133,0.03259439126193254,0.05094262840214952,0.04852889676749067,0.041728815028009784,0.033588781438545344,0.03262199485546399,0.06310148548620312,0.04949211100668394,0.04602650498646161,0.039059612881997434,0.04008286270433011,0.05160393929852639,0.048002433007566195,0.046963547588485574,0.044992306168783,0.022912883844952874
45 t/m 54_10-19 km,0.030461372788610896,0.0333790240252785,0.02522237887281368,0.02937158921048243,0.026628215990659614,0.043152174731455696,0.04203800513417814,0.03696553904147226,0.030489435569493,0.03577051846887497,0.041820174453550074,0.04878018135655137,0.042634432642465886,0.03571947746985762,0.0357901720427389,0.04554883505001546,0.05807388481436664,0.04744666178109187,0.04495879923594371,0.044144403864981877,0.048874217872046696,0.05004708827608385,0.049012078272677055,0.04486850868241985,0.028802830351889963
45 t/m 54_20-29 km,0.028368971049353625,0.02925948883926915,0.019756199836948093,0.026644125128136836,0.02251387798770771,0.042628060072709396,0.039904363572790084,0.03743975032113273,0.027030869476201782,0.04062255034522379,0.04090264737706065,0.049475029227051326,0.04232808239821093,0.029485711144746768,0.03508244925850637,0.044262035401131945,0.049577856888269434,0.06068243037953629,0.05009858312263247,0.04446089555223647,0.048661059496334653,0.0498957567582564,0.050281800759083194,0.052737717755786444,0.03789968785168342
45 t/m 54_30-49 km,0.03003816085924325,0.030194620104691868,0.021219104230511744,0.03162418448224365,0.027896798794781345,0.0379666418846566,0.041094413403404896,0.039716491154688616,0.031242276213527615,0.04752652320606561,0.030446067361214215,0.04506375857083577,0.04242688582129009,0.0342066791788111,0.04034105987958747,0.036951940507673774,0.04621497508104861,0.04928461583246744,0.05969650402517707,0.04971309901393549,0.042572270261191675,0.04335651069732913,0.05006716146309086,0.049886253440069826,0.04125300453246238
45 t/m 54_more than 50,0.033183164350786734,0.03410519513880587,0.028719597277423212,0.0355010261793555,0.03102683774835606,0.03622869285089979,0.0449095686468822,0.041407780689503966,0.03999720126877648,0.04336025843088427,0.03374534093134706,0.04385260780090627,0.0432650611993341,0.04009249011570425,0.044859183871878074,0.03636430934180715,0.043516200905978374,0.04194415363960871,0.04767362040073363,0.05724745647720307,0.03904939917638589,0.040182747752524665,0.04273428882686476,0.04499052401759328,0.03204329296045677
55 t/m 70_Less than 10 km,0.028197441095449118,0.03148197983153371,0.021007366159187444,0.023944706364933576,0.022700323508023115,0.042401583750607985,0.03904056268717748,0.03191714070665691,0.02569044087518193,0.034781452182425225,0.04429657678252886,0.04850183482184102,0.038281986386639225,0.029869394571374955,0.03497194392295079,0.05148355466181981,0.0529814932067238,0.05048284788242394,0.0448955363671497,0.04294211324989305,0.06295427871266676,0.057480724148629606,0.056417492424130064,0.05035900044770542,0.03291822525234645
55 t/m 70_10-19 km,0.02731415157118545,0.029369612755337633,0.02192063221071366,0.02512530803079977,0.022585423143739677,0.0407350461807,0.03804791637235494,0.03264851300615186,0.026698435349991428,0.03571939350941095,0.04394234748805274,0.04983547796683483,0.03822447695123718,0.030342367012647385,0.0366466257580398,0.047166400679577336,0.05343268592399609,0.05098116042388233,0.04503130093346134,0.04352036253788102,0.05661168055050345,0.0620024811544379,0.05521874456485751,0.053056014528775966,0.0338234413954297
55 t/m 70_20-29 km,0.029380489165190017,0.03120247093252225,0.021725205232361523,0.026364507781495364,0.02361176546422065,0.03965255100268285,0.04045067634548066,0.032199301518323516,0.02712398500875649,0.03852264444731649,0.037910037313399064,0.04858111682247645,0.03875352537142076,0.03124571851713869,0.03637796454813894,0.0446135224480517,0.050590321717242516,0.0496698739854467,0.050274675150188526,0.04474716104470391,0.05371971852858126,0.05338541966395216,0.059943928510510384,0.052597002220939465,0.037356417259459665
55 t/m 70_30-49 km,0.029442813906633163,0.0300869523139775,0.020974194871492626,0.026496111459201832,0.023192636653594705,0.03938084105173397,0.040679830955922286,0.034796308894879543,0.02832819376406469,0.04100264418892129,0.037474452551250904,0.04820131159459797,0.03957776194842121,0.03199812905623751,0.03875552357046126,0.0426980478072425,0.04626686829593319,0.05204364589832776,0.050042769676265385,0.04706241443383919,0.04790283281964622,0.05124304188989517,0.05254424286669184,0.05988379955209569,0.03992462997867296
55 t/m 70_more than 50,0.023493829040051584,0.02075171508233711,0.013533955609097047,0.02281852306680905,0.021517477677829543,0.031672256498011434,0.03336844457977623,0.03334349900981535,0.024375745428482982,0.05120981764098592,0.025760647660040756,0.0436721465129179,0.03329529840590115,0.02626722703706456,0.03988951325088834,0.03307848351333301,0.04518140253966601,0.056895522158656404,0.0629523731730794,0.05099015892438208,0.04763394830461752,0.04969516591737294,0.05677085523703508,0.06073471145840968,0.091097282273439
