,18 t/m 24_less than 4.999,18 t/m 24_5.000-9.999,18 t/m 24_10.000-19.999,18 t/m 24_20.000-29.999,18 t/m 24_more than 30.000,25 t/m 34_less than 4.999,25 t/m 34_5.000-9.999,25 t/m 34_10.000-19.999,25 t/m 34_20.000-29.999,25 t/m 34_more than 30.000,35 t/m 44_less than 4.999,35 t/m 44_5.000-9.999,35 t/m 44_10.000-19.999,35 t/m 44_20.000-29.999,35 t/m 44_more than 30.000,45 t/m 54_less than 4.999,45 t/m 54_5.000-9.999,45 t/m 54_10.000-19.999,45 t/m 54_20.000-29.999,45 t/m 54_more than 30.000,55 t/m 70_less than 4.999,55 t/m 70_5.000-9.999,55 t/m 70_10.000-19.999,55 t/m 70_20.000-29.999,55 t/m 70_more than 30.000
18 t/m 24_less than 4.999,0.0724560331816849,0.04637926360035767,0.05128881294359135,0.04427269482688012,0.03229111094965529,0.0510085990285781,0.048469553740799316,0.0441035272908975,0.043092074160264074,0.03887000355207488,0.04635289534051575,0.04530249617712696,0.041289273475266175,0.048022571480347,0.0381344632240287,0.044367860695151994,0.032248887540036984,0.02785643529866834,0.03394960841656662,0.03401226655850323,0.036616450591746834,0.026863134069805207,0.02321087312925302,0.02482739946515377,0.02471371126304626
18 t/m 24_5.000-9.999,0.04683471640484084,0.07316756460656224,0.05177398190418264,0.04414778013474027,0.03577995664227793,0.041309951782535666,0.041462945382084365,0.044124904951074954,0.045748782173276485,0.04652506839576834,0.03699702121771132,0.044783609913548954,0.0376693926124102,0.044288688944282596,0.04372016201631125,0.034684874098705305,0.029370876298372706,0.028771159823349244,0.038498431510915525,0.04101781397068815,0.0346252242472365,0.027583645658307416,0.024938686054055664,0.030710807780238835,0.031463953476522664
18 t/m 24_10.000-19.999,0.04250165973695617,0.04248648123112631,0.06004236579942855,0.0440851657999738,0.03153487918766194,0.04494511871805419,0.04683615774613712,0.048603436775990536,0.04235277890474461,0.04341038439511442,0.03588108054909743,0.04548916762573587,0.04346725589031104,0.04638367868363316,0.03911067421043241,0.04243408124627616,0.03439421738669091,0.03144855891719732,0.042047322962287,0.0390237445649433,0.03762154130451471,0.03065453394303015,0.027558471352632244,0.02870217090501765,0.02898507216301283
18 t/m 24_20.000-29.999,0.04417996447360029,0.04362688744860879,0.05308827824558245,0.07230427206616065,0.0338931753300991,0.04525418436489475,0.04196644834281334,0.04553859665339662,0.04539910348947091,0.04763346470649482,0.03308771145991634,0.039898107225416486,0.04391229955989711,0.04440236297136548,0.041453203373423876,0.03852620035117817,0.032596768004173,0.031444431873150235,0.038171635431384146,0.042392057289932346,0.03310781130046728,0.027912409793007596,0.025144763173744967,0.026426756580556533,0.028639106491264697
18 t/m 24_more than 30.000,0.04037267057638432,0.04429964593773115,0.04757868343755539,0.042464630062177024,0.09058974661715574,0.04642777674785673,0.03665201216540875,0.05127932879619307,0.05343266678688255,0.04949702511245429,0.025428991950651608,0.04136917097702778,0.04044195311702416,0.03915213479336485,0.048831626101110366,0.03098698019388198,0.03376009286672046,0.027557797028679432,0.03941134930128,0.044645589756077644,0.024860684618532466,0.024654737495221807,0.023336231178678016,0.02453729694021156,0.028431177441738762
25 t/m 34_less than 4.999,0.041786465774534334,0.03351219598446343,0.04443155724048498,0.03715023647182326,0.030420450504217256,0.059356296945319166,0.043527925845184896,0.04579833881007428,0.0413331048227981,0.03772008423216416,0.036257075473055324,0.04558992533236041,0.04784920717354582,0.03789321148943583,0.03898723769630286,0.047010776704424086,0.042222802708282305,0.03755681171926073,0.0404457023206331,0.039570648974570015,0.03978753763486837,0.03688331973085194,0.03243729475077711,0.029044843174685066,0.033426948485883484
25 t/m 34_5.000-9.999,0.04166895363236695,0.03529877850758059,0.04858940615318057,0.03615400261984397,0.025202110091598673,0.04567928542149036,0.062289970796481284,0.047892424591016274,0.03660250601273348,0.03658202431355791,0.0426607736060104,0.04700026608836805,0.045882111259923766,0.045079530243487376,0.036952547916190286,0.04872716210479363,0.037464349393810825,0.03490498872408982,0.03953396304800403,0.03587090968490469,0.04296217347067632,0.03391487426459817,0.030157042058375966,0.031225098187830824,0.0317047478090858
25 t/m 34_10.000-19.999,0.03449493181519683,0.03417603713989481,0.045873904200135235,0.035692108509291186,0.03207892505169016,0.04372596940760751,0.04357177141958167,0.056670431544320096,0.04318892223641594,0.03794516901347361,0.0313093822026386,0.045132255786216297,0.04842441812938286,0.04172971200870343,0.04013782473731949,0.041017082935335326,0.043522167360963517,0.038857413475580665,0.044865658567979645,0.04350958340628353,0.03545855913032462,0.03601577381679663,0.03641617290172944,0.03285959037683465,0.033326234826304306
25 t/m 34_20.000-29.999,0.03750946467024284,0.03943473793225831,0.04448792358284961,0.03960056111829716,0.037200247230022916,0.04391867726739299,0.03706045222465777,0.04806554464221836,0.06306930148376264,0.04308259635984,0.028142179852852296,0.04121722106141772,0.04721533893727819,0.040548549842567956,0.045227938576469486,0.03343287786522015,0.0382032727559507,0.03770075231504542,0.04501749586213727,0.0477603623833909,0.029990745779081885,0.03223047240073499,0.033305659436153566,0.03265555822105804,0.033922068199098786
25 t/m 34_more than 30.000,0.03785683511213875,0.04487171796576355,0.051019959816876605,0.046489244714028474,0.03855709712759386,0.04484459764942991,0.041443257434910674,0.04725026499997178,0.04820456007812341,0.07056742604522558,0.025850150095710015,0.03783225372924797,0.039587976002661875,0.04803610069060852,0.058311924661263954,0.033265827320868954,0.030731843659578685,0.030267698438271755,0.04110680225182165,0.041670304308505955,0.03225461710898816,0.026995929117218712,0.025837913968058797,0.027629262141108585,0.029516435562023907
35 t/m 44_less than 4.999,0.049636173399241805,0.039232333377648074,0.04636643412920625,0.03550575497767924,0.02177940843556459,0.04739384586495275,0.05313816822853501,0.04286609858346506,0.03462068792491591,0.028422008981641537,0.07758825420520783,0.049641441598911824,0.042655429938279386,0.04755508034416123,0.0297647901812925,0.05169355812552393,0.03473730727858456,0.031357887092220094,0.03647108088551741,0.034795334402347125,0.048136260964512644,0.03209712614767112,0.026514998584359652,0.02955868420369051,0.028471852144869917
35 t/m 44_5.000-9.999,0.03598910985403231,0.03523092328941196,0.04360875823759141,0.03176229399359674,0.026285806056869133,0.04421051850278072,0.043431588681763444,0.04584099623424348,0.037617004821059105,0.03085897262606146,0.03682747397519935,0.057560363286993634,0.04672255618043207,0.03790583530107936,0.03162836138385901,0.047092567650788154,0.04318973655665848,0.04188357652003274,0.04151307093667499,0.04090548164352749,0.0441120497904433,0.04216776076251745,0.038234286695485904,0.03702597858447877,0.038394928434419495
35 t/m 44_10.000-19.999,0.031599079141065994,0.028548398940125782,0.0401435861642091,0.03367704377374729,0.024755107441719205,0.044701251941002794,0.04084482179284642,0.04738268099690635,0.04151230319907215,0.031107904761928613,0.03048527259789886,0.04501060057438492,0.05545130088392782,0.03639293126358628,0.03408155062708797,0.04379746220409126,0.047182234242771036,0.04739981205959894,0.04543451818475326,0.04300410290033338,0.03941483553494606,0.04461431771651487,0.04359157949392192,0.040577886595109657,0.03928941696845015
35 t/m 44_20.000-29.999,0.043394281228008924,0.039631076180560894,0.050578859780418796,0.04020719403005618,0.028296846796610514,0.041798072612294276,0.04738303726920507,0.048211485017540946,0.04209387887880672,0.04456820169828161,0.04012939210393921,0.043116568167256356,0.04297015687921198,0.06547290958458399,0.044026260691440014,0.04144398385709791,0.03370390086883113,0.03179077878541132,0.04051585629997118,0.040326815466207346,0.03675176930259962,0.028460904192639736,0.02812814795906355,0.0307809998384196,0.02621862251154315
35 t/m 44_more than 30.000,0.036367240700470226,0.04128862592163042,0.045009560627056654,0.039615159228446724,0.037246837876198306,0.04538610713401265,0.04099147335872301,0.04894006923288889,0.04955141257662113,0.05709793031711588,0.026507826071814213,0.0379682371080791,0.0424692775942147,0.04646408900042584,0.06909828475727045,0.03436892110320595,0.03669089003955064,0.03401075469411285,0.0409558626544117,0.040222587149876796,0.03228553238733936,0.030441893172980898,0.029208259596917217,0.028170883966859506,0.029642283729776887
45 t/m 54_less than 4.999,0.03756418849628636,0.02908048188492802,0.043354789670375066,0.03268679180023651,0.020983613859290737,0.048585950558085324,0.04798804610682402,0.04440054768220599,0.03251889778079049,0.028918391181545246,0.04087149487115838,0.050189043636791275,0.048452621975037254,0.038831121233555824,0.030512564350889285,0.061345127880537906,0.04550405129466393,0.042464384891938205,0.04055945730520045,0.0371243355898441,0.04989398708256527,0.044129543421935126,0.03760302236190315,0.03395078063380723,0.032486764449604945
45 t/m 54_5.000-9.999,0.028040800926436082,0.025289982828869424,0.036089250757484585,0.028402777615399163,0.023478741685117356,0.044815731460768914,0.037892241609439346,0.04838427355346187,0.0381621450710857,0.02743687018230661,0.028206577952029736,0.04727235721498261,0.053606443280157394,0.03243162857492048,0.03345347291748869,0.04673262950584884,0.06300140430718695,0.05160167235967177,0.04507543808779468,0.04037962662434749,0.04417057561416977,0.05182766195622953,0.050439015120606084,0.037412031191633284,0.03639664960256367
45 t/m 54_10.000-19.999,0.0241713106694276,0.02472224940580289,0.032930033073125635,0.027341919977541783,0.019125582263421884,0.039780581911330326,0.035230482278384996,0.04310886438764662,0.0375821143086067,0.02696648462897828,0.025409728554992406,0.045747719243841814,0.05374203335866144,0.03052732423812202,0.030945550696895887,0.04352050990101929,0.05149472704956602,0.06287083286613429,0.04802564849977041,0.04637922381276545,0.042014306879495804,0.05701077594169843,0.05550632108290977,0.04960587300595362,0.046239801963906584
45 t/m 54_20.000-29.999,0.028113801497824595,0.0315706697046498,0.04201843888271803,0.03167642545870515,0.026103672806618433,0.04088508835671743,0.03808128398759639,0.04750254581980617,0.0428274947597142,0.034951737930318874,0.028204084873551312,0.043273367565632846,0.049162453212635036,0.03712981106087439,0.03556380082747745,0.03967084193506932,0.04292883320587357,0.04583353799079445,0.06000112016595943,0.047088359078810746,0.03775886464519903,0.04320040828986444,0.044483365051605196,0.044868851466355116,0.03710114142562863
45 t/m 54_more than 30.000,0.029017801329618113,0.03465432100174739,0.04017673372896495,0.036242989884886063,0.030465127630277606,0.04121068720843809,0.035598175991666946,0.047460453946794254,0.046811555753284995,0.036502774690780775,0.027722252650267173,0.043930026670324265,0.04794039806561279,0.03807463680739703,0.035983733112385126,0.037409516596433795,0.039620098545045494,0.0456013547506449,0.04851294961332467,0.06181636770316066,0.03548479279973125,0.03945977060929874,0.04042495400692088,0.041373680145281325,0.03850484675771272
55 t/m 70_less than 4.999,0.032954535522300786,0.030859401559244656,0.04085942895564214,0.029859327198986776,0.0178956527460496,0.04371130457500494,0.04497608218031894,0.04080168220000059,0.031008642150129738,0.029805823044068622,0.04045664621350585,0.049974357283712044,0.04635125359071591,0.03660413220521857,0.03046871862084421,0.05303732830488682,0.04571895904246292,0.04357741800492817,0.041036760873889674,0.037432798445263406,0.0652098955716103,0.04980454690508712,0.04319013025878289,0.0374803549988853,0.03692481954845995
55 t/m 70_5.000-9.999,0.024071461021415407,0.024476729602679468,0.033147993601778364,0.025064191442930338,0.01767020803702353,0.040344424913809004,0.035350243425096434,0.04126259670163031,0.03317943410809065,0.024837868706200136,0.02685904048117077,0.04756388689049375,0.05223755498697256,0.028223273012561726,0.028603864717374444,0.046705678194961464,0.053411123337141896,0.05887461268443465,0.04674646962082274,0.04144492884714906,0.04958791104350602,0.06492625074822317,0.05854028971793238,0.049829633762786256,0.04704033039381551
55 t/m 70_10.000-19.999,0.021853108126029565,0.02325151517726792,0.03131076065244502,0.02372356116339588,0.017573083150716852,0.037279846786325094,0.03302683105713491,0.04383631843458144,0.03602436268292858,0.02497752840478032,0.023312664771859903,0.04531330679618935,0.05362745126089037,0.02930729846213639,0.028835979189971415,0.04181566109969806,0.054615090587551915,0.06022676280859025,0.050574845555548656,0.04461103943227095,0.04518219229650735,0.061507890597359303,0.0682175771107454,0.05338369444894879,0.04661162994612637
55 t/m 70_20.000-29.999,0.024207715896664907,0.02965307769575517,0.03377179042184116,0.025821236871558434,0.01913572006703635,0.03456999944045687,0.03541463914134962,0.04096403805734068,0.03657937042760381,0.027660634981620535,0.026914496090617916,0.04544437707975163,0.05169812834823984,0.0332137732868087,0.028802510483148386,0.03909910568192399,0.041952533532826936,0.05574180388319552,0.05283025779584295,0.04728439161484801,0.040605730365373155,0.05422062332841637,0.05528527460303124,0.0706475548807822,0.048481216023965636
55 t/m 70_more than 30.000,0.02454492077806896,0.030945172749267485,0.03473879980119033,0.028503206953750793,0.02258468412729113,0.04052547866188366,0.03662725699313546,0.04231827440000385,0.038704594502670484,0.0300994010463736,0.02640693276014788,0.04800080889937596,0.05098730589395141,0.02881684625778792,0.030870425312555336,0.03810874118566045,0.04157281163863428,0.05292550026212295,0.044496528784292444,0.04482395120409723,0.040747699694425765,0.05213726659563856,0.04916954838169222,0.04938267243593001,0.07196117068005184
