,18 t/m 24_less than 4.999,18 t/m 24_5.000-9.999,18 t/m 24_10.000-19.999,18 t/m 24_20.000-29.999,18 t/m 24_more than 30.000,25 t/m 34_less than 4.999,25 t/m 34_5.000-9.999,25 t/m 34_10.000-19.999,25 t/m 34_20.000-29.999,25 t/m 34_more than 30.000,35 t/m 44_less than 4.999,35 t/m 44_5.000-9.999,35 t/m 44_10.000-19.999,35 t/m 44_20.000-29.999,35 t/m 44_more than 30.000,45 t/m 54_less than 4.999,45 t/m 54_5.000-9.999,45 t/m 54_10.000-19.999,45 t/m 54_20.000-29.999,45 t/m 54_more than 30.000,55 t/m 70_less than 4.999,55 t/m 70_5.000-9.999,55 t/m 70_10.000-19.999,55 t/m 70_20.000-29.999,55 t/m 70_more than 30.000
18 t/m 24_less than 4.999,0.06028479687679739,0.04056419376674186,0.040343155886449836,0.018753391041229313,0.043356033993853973,0.048865885245813936,0.046718422401112965,0.047089688452206784,0.040899258950671626,0.043125345424403896,0.04434524979641398,0.03586428596730085,0.04291119814053945,0.04259873909538594,0.035656077326009436,0.04656533652940287,0.04187138077670272,0.040156952042784036,0.040195896715174186,0.03535128925908153,0.04244095387574157,0.03428828691244391,0.033777927943089106,0.028412508761623875,0.02556374481902514
18 t/m 24_5.000-9.999,0.045204363225521925,0.0671808213585122,0.04547079019326771,0.01794378868287988,0.038708102560488365,0.04572442783230847,0.04606039313013957,0.051722059687648154,0.0412042468113342,0.03946395453691359,0.03272051603700155,0.041063531499838136,0.0479047168590439,0.04303277299831812,0.04596773218457715,0.032297536123698824,0.04344926183958497,0.04138204796297796,0.04073126569692548,0.03699759121357893,0.03418569317762361,0.03308432044859619,0.03636290656020947,0.030772808343049952,0.021364351035961678
18 t/m 24_10.000-19.999,0.04817759925412895,0.04872706808305783,0.07199180929775527,0.011059327051725113,0.03875487232456555,0.04959813950684039,0.05062953469053903,0.050258044003775315,0.042165451825278644,0.03733825863844484,0.029981658110598185,0.03725979861439847,0.047077756850303056,0.049641752369630664,0.04037336561804101,0.03240407050309072,0.04568432033267479,0.042973906854526026,0.03403123917848353,0.03566585786539026,0.034612411813067366,0.031334043570759765,0.038459496170867136,0.03235946472602429,0.019440752746033765
18 t/m 24_20.000-29.999,0.04122376613944065,0.03539521013266409,0.020357351299836374,0.13251823964791978,0.05033304211617407,0.02645751239244386,0.033778038104275085,0.03840323778098777,0.036980744730641446,0.04737476425466119,0.04756910844623321,0.04184161691293924,0.03692534107356753,0.025345394416832326,0.03247469629606786,0.038724848242921786,0.02672976700676321,0.03385965709166423,0.046356004453367926,0.02777330055536799,0.038178600615817175,0.04428187217925592,0.03236120611695723,0.03597286376566968,0.02878381622753033
18 t/m 24_more than 30.000,0.050530284178092896,0.04048242950786637,0.037822759965362704,0.026686247907869425,0.07026029913702442,0.04255674883043938,0.050217654584058795,0.050152197666639226,0.040139794824368275,0.04220640260220396,0.039973844914567416,0.03945791186071818,0.04387428662189536,0.03803501774482098,0.03796829825867205,0.03964813647794867,0.037624403410588994,0.03799989680673526,0.04014631910132657,0.03293237467521524,0.035992156152741164,0.03408624118023969,0.03477205816497025,0.03217765781342653,0.024256577612208202
25 t/m 34_less than 4.999,0.04947303283719226,0.041540673764578935,0.04204872805846451,0.012185515765197776,0.03696826030149329,0.06103382186706122,0.04814108940434664,0.049399781679808276,0.041140334750638316,0.03429891000777524,0.03986890326196028,0.03821274378264683,0.04716422126949217,0.050040527725198305,0.038058686246885326,0.04291991464168901,0.04793423005014159,0.043055937986081615,0.03884094601217123,0.035376470093210745,0.039189975447870666,0.034685039548866,0.036211983960935855,0.02836441151203682,0.023845860024257207
25 t/m 34_5.000-9.999,0.04820582446649362,0.042648275903856746,0.043746165900297264,0.01585542585600279,0.044459602819096375,0.049064174470917106,0.06220411963593804,0.0500370156759935,0.03937603547573816,0.03468245218811834,0.0376754133208914,0.039688431922615106,0.046306166645848246,0.04605881203167674,0.03962485077051092,0.04020499815681521,0.04609670310230109,0.04010323345960326,0.03783077802219886,0.04005624391163698,0.036178469517548315,0.03319104729331379,0.03612174987572113,0.029875639971931933,0.020708369604934974
25 t/m 34_10.000-19.999,0.043240731404581456,0.04261922204258208,0.03864537358446839,0.016042320894834233,0.03951436345167353,0.04480530931855775,0.04452944349690489,0.055357314843461985,0.04266421566697623,0.0342928769077298,0.03783953172353938,0.04153568309104213,0.049551475894382364,0.04308966757877225,0.04297166173717361,0.03873414351877401,0.04567421158506369,0.043928580869454004,0.042193451263144326,0.03967003652525814,0.038629412844827335,0.03707724710696903,0.03938399309276255,0.032905828866180944,0.0251039026908861
25 t/m 34_20.000-29.999,0.045587272262978144,0.04121284922086105,0.039355881074376084,0.018751497843397937,0.038388498282570516,0.045293222929113156,0.042535232322979455,0.05178747295098681,0.0671948470229133,0.03689677083321355,0.03754955164923679,0.042372907855780656,0.04920263633762524,0.04291382631480588,0.04451439468252004,0.0373508513349595,0.039954394008248004,0.04252131174369154,0.04129770977122802,0.03548389304447401,0.035919827709139165,0.03370269127203641,0.036700360907469774,0.030790911696473335,0.022721186928921645
25 t/m 34_more than 30.000,0.05436290448266094,0.044640922445462444,0.03941384810660827,0.02716747467981561,0.04565057057889901,0.042705874569038516,0.04237098064474573,0.04707678236571814,0.041728258156265574,0.07599374850492004,0.04314571136141757,0.034588009519041306,0.04161404730389826,0.03728102099556256,0.03661738747358152,0.04322337025767265,0.03516909689972184,0.037340093953712565,0.04183123279831983,0.030433323578799375,0.03898116112911595,0.03321202467128688,0.03152384179868797,0.027887432415088217,0.026040881309959206
35 t/m 44_less than 4.999,0.04807445700553759,0.03183097335378649,0.027217463115556104,0.023459807146868242,0.03718270771102049,0.04269124370834967,0.03958347897172174,0.04467307228532551,0.03652110171362135,0.03710520629414315,0.06535443793521095,0.03737948324176662,0.042555253958077806,0.037935364907209876,0.03256870685914963,0.056191101280597386,0.04299865805669076,0.041253792196480565,0.044730416691407746,0.03616409394303448,0.05048977325816924,0.04326040466841448,0.03708979578219982,0.030714539308092495,0.032974666607568
35 t/m 44_5.000-9.999,0.03544407245504585,0.03641666876471645,0.030835191058755623,0.018811439476546298,0.03345902895327927,0.0373015505911419,0.0380131641732647,0.04470288682834903,0.037570028796466426,0.02711670593218958,0.034075908075663575,0.059578453907798215,0.04956979776423399,0.04221286701861993,0.04912856656397745,0.03548186355764119,0.04381511256758177,0.04702391697846645,0.04689848440594124,0.044289159526031845,0.04054498331184813,0.04404766290992216,0.046876658747760154,0.045298932998460925,0.03148689463629796
35 t/m 44_10.000-19.999,0.03892798800152245,0.03899707980315267,0.03576282289427788,0.015238701997168036,0.03415066716493315,0.04226114128314616,0.04071165909552643,0.04895315615033758,0.04004529734380789,0.029947543754567294,0.03561043029866644,0.04550163863833991,0.054688891272815086,0.04331792024180155,0.045081825755287894,0.03613450284242186,0.04701935000552735,0.047252894223478566,0.045476640147273956,0.043553557515721014,0.04014933311895753,0.039872959312062486,0.045724385317342256,0.038290382262657144,0.027329231559207308
35 t/m 44_20.000-29.999,0.043282959391889544,0.039235756273017536,0.04223689852142461,0.011715245679606773,0.033159015937929005,0.050220302003182046,0.04535462589790517,0.04767888958098862,0.03911913781415102,0.030049547400922666,0.03555471377360279,0.04339939002078604,0.04851728424479053,0.06125309036316891,0.04175371951351524,0.03802257603150839,0.04702686276313189,0.04612946367360504,0.03872884215457424,0.0423717449843115,0.03721398131601011,0.036934776347310634,0.040619464636008726,0.03350905003715927,0.026912661639499742
35 t/m 44_more than 30.000,0.035469186098904856,0.04103299630484698,0.03363081006710086,0.014695856482639212,0.03240683366033043,0.037394582507199264,0.03820093156055973,0.04655138367164458,0.03972738366222167,0.028895815146259895,0.029884837126630526,0.04945045886906194,0.04943423743846839,0.04087828118453668,0.05996881428675976,0.0323641487725644,0.04514817580448803,0.04932017015251007,0.04583072538942571,0.04634524986799292,0.03876045806007198,0.041915571254485966,0.04689306033824592,0.042784025954965645,0.03301600633808473
45 t/m 54_less than 4.999,0.04962846159437588,0.030888722873585,0.028919604475616246,0.018775431865685407,0.036256731805909326,0.04518186490431892,0.0415275937651012,0.044956739895074954,0.035714157083768,0.036544045990960665,0.05524186456752846,0.038264237334355744,0.042452066308385966,0.03988314534090173,0.03467485038274929,0.06425040490442378,0.043003769407992797,0.04213656727443553,0.04285242828862176,0.037506175301276444,0.051804837338182676,0.041406811589833045,0.035543709839265226,0.0282728073123312,0.03431297055532076
45 t/m 54_5.000-9.999,0.03995234696072678,0.03720231015952874,0.03650201973338074,0.011602520138317805,0.030802959415091372,0.04517602404375675,0.04262687869161137,0.047460122970800704,0.034202779010910817,0.026620497334962637,0.03784535939164307,0.0423026446125172,0.04945501274701288,0.04416221200702672,0.04330594912497631,0.03850024306523182,0.05752184610589318,0.04810927706789339,0.04349079258826185,0.047405246668252826,0.04406810056637076,0.0422797125588628,0.04540024147286226,0.036208012270579175,0.027796891293528
45 t/m 54_10.000-19.999,0.03710339216107313,0.03431052370720249,0.03324929386558654,0.01423205370813802,0.030125419230631126,0.03929372176917011,0.035910455932754055,0.04420107521400978,0.03524774684868901,0.0273689550117489,0.035160048806608196,0.043963296503901794,0.04812713087901576,0.04194798239991182,0.045809946105641396,0.03652951951775677,0.04658613615197472,0.05570070301867905,0.04508940408298292,0.04455266615430667,0.045451795687122085,0.048505198892172245,0.051765681999705826,0.04515219514440732,0.034615657206810306
45 t/m 54_20.000-29.999,0.03880598792077565,0.03528640552775863,0.02751183127847302,0.02035893999012251,0.03325527643286835,0.03703770410025533,0.03539573618637563,0.0443603392533514,0.03576966088054331,0.03203668868226197,0.03983388676103623,0.04581359831533773,0.04839651358000987,0.03679860312195923,0.044479110505689284,0.038817216726942376,0.044003713770615745,0.04711277044138764,0.05820024655711367,0.04370043347315694,0.046045250258126315,0.04548308441061933,0.046237418169002086,0.04160437432190481,0.03365520933431294
45 t/m 54_more than 30.000,0.036391687625408516,0.03417691679628057,0.0307449879336971,0.013006384141479579,0.029088263395404743,0.03597068193684781,0.03996279137227617,0.04447258000257188,0.03277178015532357,0.024852853350037164,0.03434054992326269,0.0461331331336967,0.04942301738742272,0.042929228717572765,0.04796058887024178,0.03622693993730422,0.051144429164326995,0.04963839867021973,0.04659782662564017,0.062058995371378795,0.04345436899434884,0.044992815494569266,0.04922555221389492,0.04065033330387936,0.03378489548291398
55 t/m 70_less than 4.999,0.0422540387316416,0.03054147257071887,0.02885623496396241,0.01729160234396163,0.03074600982387369,0.03853854528575067,0.034907756223522546,0.04188263361677945,0.03208404871503343,0.030787030061834544,0.04636809228235357,0.04084498951301902,0.04406259887944465,0.036464395828744584,0.038793086118736185,0.04839331103332801,0.045981423039915835,0.04897576867084928,0.04748439455939876,0.04202614927598114,0.06001929526888692,0.049928030864047415,0.045606613676524736,0.038069626504779464,0.0390928521469116
55 t/m 70_5.000-9.999,0.034677431699649396,0.03002519582999473,0.026536417650486237,0.020373200303743372,0.02957863016901299,0.0346481912099468,0.032531998783375184,0.04083583162905597,0.030580004979058734,0.02664565643255705,0.04035751648901503,0.04507571048792588,0.04445169132476352,0.03676346251169522,0.04261464418841296,0.03929206560592035,0.044813426239677406,0.05309291279437931,0.04764683124992201,0.04420255457862732,0.05071804276133422,0.06096898137724362,0.053094617337784984,0.04854788200697297,0.04192710235944468
55 t/m 70_10.000-19.999,0.03329435140607794,0.03216315448625193,0.031744307559267965,0.0145109016121494,0.02940801823252712,0.035255518772524294,0.034506029486669657,0.04227562983020701,0.03245485861743987,0.024649415647904478,0.03372288442817592,0.04675335443486183,0.049681432886662935,0.03940501946516369,0.04646527059771194,0.03287246275608425,0.04689976892583676,0.05522384221788045,0.0472078375618333,0.047133665131975734,0.045152550918766424,0.05174720673053986,0.05942173880653267,0.052391077863571306,0.035659701623383194
55 t/m 70_20.000-29.999,0.031882930046515205,0.03098690982607633,0.030407077869861823,0.018363514422074678,0.030981388664551884,0.031438343677879343,0.03249035935097765,0.04021186947518551,0.030998667391944013,0.024824877213167545,0.03179255031447351,0.0514345789730664,0.047363853458584314,0.03700756893703478,0.04826281316232112,0.02976798992310837,0.042582221385591756,0.05483712001467308,0.04835825446747219,0.04431143509913582,0.04290858271448818,0.053866380446466876,0.059644228178767474,0.06764823120045585,0.037628253786126276
55 t/m 70_more than 30.000,0.03472422769672764,0.026041159617573615,0.022112910695614604,0.01778642390461946,0.028270627927879627,0.03199324914573138,0.027261056528371838,0.03713489072541034,0.027689235734385313,0.02806039204298255,0.04131628389365289,0.04327693803362566,0.0409208103246366,0.03597862568116724,0.045083227634479923,0.043731902607864234,0.03957121056272755,0.05088945835445674,0.04735255261440338,0.04457935314466052,0.05333623907428912,0.056312114221397806,0.04914148458006302,0.045548443691249996,0.08188718156202893
