,18 t/m 24_Less than 10 km,18 t/m 24_10-19 km,18 t/m 24_20-29 km,18 t/m 24_30-49 km,18 t/m 24_more than 50,25 t/m 34_Less than 10 km,25 t/m 34_10-19 km,25 t/m 34_20-29 km,25 t/m 34_30-49 km,25 t/m 34_more than 50,35 t/m 44_Less than 10 km,35 t/m 44_10-19 km,35 t/m 44_20-29 km,35 t/m 44_30-49 km,35 t/m 44_more than 50,45 t/m 54_Less than 10 km,45 t/m 54_10-19 km,45 t/m 54_20-29 km,45 t/m 54_30-49 km,45 t/m 54_more than 50,55 t/m 70_Less than 10 km,55 t/m 70_10-19 km,55 t/m 70_20-29 km,55 t/m 70_30-49 km,55 t/m 70_more than 50
18 t/m 24_Less than 10 km,0.06912344369921923,0.05068504420373217,0.036297747103061884,0.0378104269422131,0.020434383593741914,0.056594286383535586,0.048856285814349296,0.0514902894108074,0.039271343903732964,0.03403039135779253,0.046514669961635724,0.03714477301541599,0.04326203508878618,0.035640931225303346,0.04009421389730589,0.047299837153348685,0.040169633817221224,0.038801574498181,0.043798055024501625,0.030259685810758986,0.03413672305240986,0.035039753225194294,0.036016036934161284,0.026217330136699787,0.02101110474689005
18 t/m 24_10-19 km,0.04761414952779586,0.06493540719706924,0.03776275154678162,0.043755436304623516,0.024540133993361635,0.04793253091345564,0.04592246734141695,0.04670640250453228,0.04029786694775588,0.04136226015737492,0.0392396313725397,0.03939780128972421,0.046583839320991374,0.03788864048302584,0.04571969862480027,0.03700830874841305,0.03940311936185861,0.04047617214821661,0.04097028862553097,0.0341331968154144,0.03269651674570629,0.033971679689153,0.038348170547541235,0.02987141622995856,0.02346211356295843
18 t/m 24_20-29 km,0.03621980910339006,0.04011196299133476,0.0689750228367054,0.03258300956598348,0.03417135804297366,0.03811032543993074,0.04182104692895734,0.0412068253359334,0.050966901806930795,0.03147595795760665,0.04460620466460069,0.04264098264592511,0.03984930427856266,0.047190190717613066,0.03443612368938013,0.038857786475892865,0.03911840938974915,0.03571692585636288,0.04209448384073457,0.04047465304141199,0.03912084910202843,0.04044079378875427,0.03578092939537374,0.036595231627840646,0.027434911476023612
18 t/m 24_30-49 km,0.044265028052800755,0.0545286793340912,0.038227321743526575,0.08092347592711527,0.022108459789846213,0.045794051909973606,0.04635648862743358,0.03890630720363523,0.039184666218521465,0.04352347205382801,0.035836504339016736,0.04333396838228353,0.047743957203401514,0.03538528620583903,0.04059821697848269,0.034327232610266434,0.0412751506356382,0.039681543295731,0.04095943198582428,0.03423161372067467,0.030347799472473527,0.03277942203544761,0.034886588817633485,0.029781393805096697,0.02501393965141861
18 t/m 24_more than 50,0.036238156764929065,0.046326051490894644,0.060729584542483464,0.03348990250626869,0.12258290921342933,0.03191036175006101,0.03374377281605108,0.0477092370095021,0.05716618038969634,0.030066281519335623,0.041660403846308224,0.0323389252538548,0.031915676138346255,0.04464579892968125,0.026561227505350667,0.03529307706589925,0.030227327741672066,0.028277858349084348,0.03253982401455604,0.03561222665976554,0.03683224211369114,0.037468565151131346,0.026838783818670556,0.0327881390434989,0.02703748636583831
25 t/m 34_Less than 10 km,0.05118283654381166,0.04614513509448071,0.03454044539573738,0.035376240051210525,0.016273423717344644,0.06251397705107846,0.0463134338999205,0.04264006414524858,0.036265024084023816,0.029491672282458845,0.04784703202917432,0.0456397433858864,0.04633410892244012,0.03644855666370751,0.042886920349631916,0.04780464462418399,0.04324140304680435,0.03882904282993885,0.044948987737414854,0.03606438000972724,0.036941093933158135,0.037259015439714126,0.040932809625250595,0.03018801380318497,0.023891995334467515
25 t/m 34_10-19 km,0.045869918217290105,0.04589617895442181,0.039349202255184554,0.03717653313907102,0.017864735843656377,0.048079809516213816,0.064898234823438,0.042737684218159974,0.03950250983180258,0.03863590038417086,0.04322704031821811,0.0400790966054527,0.046734724886857176,0.03790183816255532,0.043588588429141956,0.04076606958075262,0.041616496678000756,0.04281526226879526,0.04479849473452484,0.0377071904503745,0.03444362437486208,0.036004386072046486,0.037583168276132436,0.029314304010884692,0.02340900796799184
25 t/m 34_20-29 km,0.05102044203323416,0.04926506950536453,0.040918674253692486,0.03292984854374046,0.026657339159920884,0.046718078364222745,0.04510475744844894,0.0684926943070029,0.04364030977028252,0.0392739283084842,0.04511959841358377,0.034686164487495515,0.04506966546060038,0.04230094815576493,0.03721623341531244,0.04436225856824122,0.03870152860785535,0.03691783855262469,0.04081658315605207,0.032895706543496384,0.033385756609096984,0.037725665494765324,0.03563690767864091,0.027490796401274584,0.02365320676080162
25 t/m 34_30-49 km,0.036044644810127,0.03937230525015891,0.046879906253535907,0.030720761450536115,0.02958690957790509,0.036804523074308954,0.038617322447734984,0.040423501292727704,0.06344397029800486,0.03072168943669731,0.04855022550576425,0.03894096350579855,0.04321133280742194,0.04729247406524955,0.03503196508113587,0.042373799053102526,0.041699017535364334,0.037470096381859365,0.042960925252625265,0.04257685703761091,0.04123049620891405,0.04132324995769334,0.03733523355565006,0.037536251237688396,0.029851578922384794
25 t/m 34_more than 50,0.040518106333410436,0.0524240122249867,0.037557326201841115,0.044264602373958135,0.020186329506891122,0.038826642139167096,0.04899657421564604,0.04719192089283089,0.03985311790513395,0.08230146437311359,0.0380062031199129,0.03567202750404734,0.05038415853290093,0.0406533843721721,0.04210071178828511,0.034991120182279345,0.040514767642057546,0.03872464109519849,0.04017511048273041,0.036442879765630085,0.03108424202925869,0.0354459587996268,0.03173584451919566,0.0287374496731011,0.023211404326624316
35 t/m 44_Less than 10 km,0.03940736207865406,0.03538800967920361,0.037871822625870966,0.025933665080145392,0.019902440685739545,0.04482194117518776,0.039006358091828876,0.03857747174951081,0.044813997450177064,0.027043301451164427,0.05856158016869222,0.0436859723605291,0.04360960338786709,0.043779648178056456,0.03336249134413281,0.05197208959040053,0.04394173124506094,0.036034017803974985,0.047624491031552536,0.04318901223996955,0.04716804986537295,0.04559869682912504,0.04020427436092042,0.03777579753964857,0.030726173987214275
35 t/m 44_10-19 km,0.033027073261815365,0.03728963775979936,0.037995581780824836,0.03291180344139617,0.01621412085678281,0.04487079996448019,0.03795620527285845,0.031125029819728978,0.03772368304018311,0.026639003749602902,0.045848693783326684,0.06146073468306308,0.045284824168393766,0.04098835945040403,0.03779599651484176,0.04140225552552357,0.0456311654336787,0.042087333848404594,0.04702334685223159,0.04561451451310272,0.0436871667670999,0.04406562448689056,0.04617994404173214,0.04516869042545219,0.03200841055838254
35 t/m 44_20-29 km,0.03645255618909395,0.041783048217059866,0.03364924310603204,0.034362938315238914,0.015164235995897425,0.04316881184178499,0.0419423939558192,0.0383253820807588,0.039669225183447614,0.035656019321304924,0.043372630197645375,0.04291423228817028,0.05824335841479155,0.04231779099470368,0.043090099203681245,0.043352008395967714,0.04587967752893172,0.04292281263870987,0.04759440386987243,0.04130314470612907,0.03902110964951198,0.04104446778760021,0.04129855850065654,0.036389753623099444,0.03108209799409116
35 t/m 44_30-49 km,0.03239247603963841,0.03665624071602624,0.042981379422946844,0.02747063215928266,0.02288079682617104,0.03662888308868011,0.03669001237000155,0.03879951718668672,0.04682978361302663,0.031031989056521443,0.04696560813703571,0.041897032007821196,0.045645403430306423,0.06282326013453358,0.03341529412285534,0.04356322906685619,0.042497199241900034,0.04004471884879284,0.045277888016129045,0.0429844807362234,0.04611030575096666,0.04555918424858941,0.03900317306804969,0.040225700992281906,0.03162581171867689
35 t/m 44_more than 50,0.038806283144481535,0.047105053592466625,0.033401665129697146,0.03356434241589489,0.014496525678826836,0.04589796641471372,0.0449350916781283,0.03635246608863883,0.03694195353258137,0.034223749416708624,0.03811460285360505,0.041142792409514024,0.04949676282762759,0.03558529167533908,0.06690301835033043,0.037997857052207464,0.047231801410037,0.04578958882914959,0.04668919234565748,0.0400051857047743,0.0361975827214788,0.037917357733574325,0.04542720564308628,0.03525089878695851,0.030525764564522207
45 t/m 54_Less than 10 km,0.0414277119101739,0.03450438878753782,0.0341069490843332,0.025681532290845334,0.017430757811236135,0.04629665709207021,0.03802967598501676,0.03921263859390139,0.04043558381696054,0.02573990570884972,0.05372965599025344,0.04078335243252691,0.04506293570845867,0.04198133667514363,0.03438508176425036,0.06054198669915808,0.04787512866333186,0.03816122157115018,0.048679638136739846,0.03916219030673098,0.04849673054973548,0.04745537878072631,0.043779969157100716,0.03454195793154717,0.03249763455222146
45 t/m 54_10-19 km,0.033422833140107924,0.034899547048193306,0.032618207330424816,0.029334918937410005,0.014182101368145374,0.039782621918867216,0.036881059428347164,0.03249784947654524,0.03780125546746338,0.02831239080066512,0.04315539848760211,0.04270065805540008,0.045304850531193194,0.0389054634954489,0.04060313364890271,0.04548037534315545,0.05751362671964895,0.04573227721695496,0.04972432962903864,0.042872186615361636,0.047038939318516104,0.04974144605625067,0.04762459887958055,0.04273606217892476,0.04113386890785172
45 t/m 54_20-29 km,0.03508104741173481,0.03895528940880409,0.032361659824831,0.030645209498502916,0.014416676711630504,0.03881755035543642,0.04123009099194416,0.03368531282729295,0.03690991339515077,0.02940548913184117,0.038454615306800055,0.042795907152591094,0.04605643649998067,0.03983578210129197,0.042772989125958324,0.039392556732046634,0.049693620851480706,0.06249547439855491,0.04984719469730258,0.040453250177250356,0.043680818236215,0.04639849467489093,0.05015493747299994,0.042076617911305236,0.03438306510416294
45 t/m 54_30-49 km,0.035764047341656016,0.035612680037778,0.03444693124863718,0.02856910262186369,0.01498312760778654,0.04058448033156572,0.038962582930916,0.03363640696312313,0.038220861837803495,0.027552862173414613,0.04590233341346861,0.043185006738261714,0.04612397041921075,0.0406801826125879,0.039390169750977054,0.04538453347033458,0.048799501432072345,0.04502040064802108,0.05644392454172229,0.0444949572143616,0.04711682539653926,0.047192701031716855,0.046416737314249286,0.04129155529557493,0.03422411762635747
45 t/m 54_more than 50,0.027408485051858916,0.03291102285531386,0.03673984037367861,0.02648492987492232,0.018189266589627995,0.03611996534807201,0.03637787056722775,0.030070520930714332,0.042017405268850755,0.027723694788963638,0.046174953655441296,0.046467712425839656,0.044399971680612924,0.04283879028002255,0.037438338154487154,0.04050011800604365,0.04667140375067452,0.040527595202810636,0.049355956676275445,0.06261032864688364,0.04987816330118482,0.05029419177164334,0.04462895398748116,0.047558101916422964,0.03661241889494607
55 t/m 70_Less than 10 km,0.02990155838413175,0.03048718182753289,0.034341066629062465,0.02270649167299137,0.018192634457621922,0.035779147104285945,0.03213463124171337,0.029513066281750745,0.03934826332856491,0.022868099855486,0.048767724835291265,0.04303813998091828,0.04056491467628019,0.04444008621993348,0.032759043930560255,0.048501274792671835,0.049520398009795706,0.04231940535511606,0.05054243710100953,0.048234949706585435,0.060547659607255014,0.05580836712015735,0.04925907037882782,0.04764037788145498,0.04278400962100146
55 t/m 70_10-19 km,0.029959879493242466,0.030920025397486388,0.03465231137867134,0.023940386232434246,0.018065148161400795,0.03522561914546603,0.0327889051232425,0.03255345203545909,0.0384953707557313,0.025454440494913452,0.046019726570530974,0.04237469365195387,0.0416497701561209,0.0428607591631771,0.03349629279163766,0.046326892053815336,0.051115432750835604,0.04387930208294023,0.049415366592306186,0.047476231585968844,0.054476142188292345,0.05910230103725439,0.048062424952819226,0.04707937063559443,0.04460975556870526
55 t/m 70_20-29 km,0.031831198824416526,0.03607825472853203,0.03169145674975835,0.02633700682825151,0.013375663879735315,0.040001554177775865,0.03537878733034495,0.0317861698818394,0.03595099858499896,0.02355726870984175,0.04194129925465185,0.04590268542198404,0.04331825191504981,0.037928171749831895,0.04148133740146467,0.04417750875179633,0.0505874764336989,0.04902838218711785,0.05023886811827127,0.04354649081061156,0.04970170524806433,0.04968024489639236,0.0610917321036851,0.04488704061449728,0.040500445397387896
55 t/m 70_30-49 km,0.02532299998854338,0.030713287380427806,0.03542294833442081,0.024570983983054285,0.017858250160542686,0.03224107168430089,0.030157737817285698,0.026797552427633216,0.03950141040095159,0.023312707752441483,0.04306782241562221,0.04906726036835467,0.04171428118517239,0.04274991046991982,0.035178437144706295,0.03809275126330798,0.04961075158037881,0.044951512941880586,0.04884229890594825,0.050714317832501396,0.05253272087757945,0.05318367172838119,0.04905582604269604,0.06676549270564847,0.04857399460830069
55 t/m 70_more than 50,0.02371497258495352,0.02818932454819947,0.031032074963068167,0.024116077692025874,0.01720820197589593,0.029817717630831016,0.028141628810973464,0.026942933743297426,0.03670929629227617,0.022003560391218386,0.040935000881316685,0.04063174432044916,0.04163542686149145,0.039275372860276915,0.035597536518692775,0.041878796029466946,0.05579919206623867,0.042923499864758234,0.047305775097709,0.0456227589246731,0.0551293951909725,0.05888769554686237,0.051722137694599324,0.05676110838601249,0.07801877112374096
